0:198.0,189.0,168.0 9.0,103.0,230.0 149.0,117.0,21.0 11.0,130.0,201.0 141.0,249.0,116.0 92.0,168.0,125.0 89.0,17.0,248.0 166.0,123.0,182.0 110.0,108.0,130.0 229.0,44.0,18.0 126.0,250.0,45.0 68.0,189.0,64.0 25.0,194.0,181.0 120.0,36.0,245.0 246.0,12.0,52.0 123.0,32.0,50.0
1:23.0,72.0,101.0 184.0,116.0,86.0 11.0,153.0,29.0 164.0,84.0,187.0 194.0,96.0,70.0 248.0,199.0,119.0
2:60.0,77.0,3.0 127.0,201.0,64.0 139.0,224.0,193.0 198.0,24.0,153.0 65.0,40.0,58.0 95.0,252.0,83.0 140.0,46.0,102.0 38.0,237.0,198.0 222.0,64.0,97.0 12.0,16.0,2.0 25.0,88.0,74.0 47.0,124.0,210.0 219.0,225.0,172.0 128.0,101.0,40.0 252.0,160.0,151.0
3:45.0,177.0,65.0 165.0,22.0,229.0 111.0,96.0,218.0 0.0,4.0,206.0 135.0,195.0,241.0 174.0,168.0,179.0 203.0,147.0,17.0 127.0,42.0,237.0 59.0,38.0,52.0 117.0,62.0,23.0
4:168.0,176.0,42.0 42.0,109.0,230.0 217.0,98.0,93.0 195.0,218.0,143.0 26.0,207.0,138.0 1.0,33.0,159.0 229.0,213.0,67.0 118.0,53.0,31.0 102.0,112.0,122.0 228.0,151.0,29.0 108.0,247.0,95.0 176.0,250.0,186.0 63.0,249.0,171.0 81.0,158.0,130.0 76.0,68.0,119.0 100.0,181.0,224.0 88.0,35.0,38.0 18.0,99.0,139.0 207.0,36.0,14.0
5:110.0,105.0,173.0 227.0,102.0,197.0 208.0,12.0,167.0 192.0,110.0,191.0 40.0,27.0,243.0 83.0,227.0,74.0 207.0,84.0,224.0 70.0,162.0,115.0 57.0,146.0,175.0 195.0,0.0,187.0 113.0,74.0,55.0 220.0,89.0,180.0 96.0,149.0,170.0 175.0,116.0,8.0 139.0,235.0,212.0 215.0,211.0,255.0 105.0,160.0,43.0 143.0,64.0,177.0 163.0,246.0,165.0
6:235.0,78.0,27.0 117.0,139.0,198.0 226.0,88.0,83.0 195.0,138.0,208.0 169.0,211.0,242.0 8.0,56.0,44.0 121.0,128.0,8.0
7:82.0,89.0,89.0 122.0,0.0,153.0 78.0,83.0,31.0 187.0,231.0,42.0 88.0,234.0,176.0 199.0,52.0,59.0 222.0,222.0,150.0 67.0,240.0,89.0 219.0,233.0,54.0 163.0,213.0,147.0 48.0,165.0,10.0 192.0,231.0,69.0 182.0,163.0,63.0 131.0,214.0,167.0 67.0,236.0,253.0 207.0,196.0,29.0
8:46.0,125.0,89.0 95.0,130.0,211.0 172.0,41.0,161.0 64.0,244.0,187.0 130.0,36.0,167.0 62.0,97.0,206.0 61.0,86.0,117.0
9:212.0,60.0,221.0 224.0,23.0,6.0 29.0,24.0,80.0 150.0,57.0,45.0 153.0,142.0,231.0 44.0,137.0,89.0 75.0,137.0,77.0 38.0,56.0,115.0 69.0,104.0,49.0 193.0,126.0,29.0 238.0,65.0,243.0 1.0,249.0,69.0 73.0,123.0,99.0 235.0,142.0,39.0 209.0,23.0,2.0 0.0,217.0,73.0 207.0,126.0,109.0 11.0,20.0,215.0 185.0,172.0,57.0
10:46.0,110.0,130.0 203.0,198.0,74.0 209.0,15.0,166.0 156.0,153.0,41.0 15.0,173.0,194.0 251.0,246.0,115.0 26.0,59.0,115.0 191.0,103.0,85.0 166.0,20.0,108.0 172.0,71.0,62.0 208.0,217.0,202.0 103.0,151.0,106.0 50.0,191.0,142.0 16.0,24.0,201.0 230.0,138.0,134.0 106.0,232.0,55.0 250.0,53.0,109.0 13.0,197.0,174.0
11:144.0,156.0,27.0 108.0,247.0,65.0 162.0,219.0,175.0 122.0,102.0,214.0 179.0,203.0,211.0 63.0,131.0,226.0 183.0,215.0,148.0 252.0,180.0,56.0 165.0,132.0,68.0 5.0,242.0,51.0 246.0,158.0,251.0 59.0,63.0,42.0 114.0,204.0,119.0 254.0,30.0,53.0 155.0,236.0,255.0
12:145.0,91.0,235.0 113.0,207.0,16.0 194.0,127.0,35.0 30.0,232.0,182.0 195.0,205.0,16.0 156.0,95.0,57.0 64.0,198.0,30.0 31.0,181.0,51.0
13:211.0,117.0,146.0 142.0,91.0,77.0 90.0,144.0,189.0 252.0,175.0,254.0 76.0,67.0,50.0 175.0,121.0,143.0 18.0,180.0,159.0 50.0,128.0,218.0 129.0,157.0,179.0 188.0,51.0,109.0
14:44.0,54.0,105.0 211.0,99.0,127.0 113.0,134.0,211.0 98.0,186.0,44.0 72.0,164.0,154.0 106.0,29.0,200.0 168.0,205.0,62.0 4.0,93.0,205.0
15:110.0,137.0,2.0 173.0,109.0,75.0 34.0,154.0,54.0 152.0,157.0,134.0 241.0,179.0,239.0 155.0,44.0,71.0 2.0,129.0,56.0 240.0,107.0,19.0 251.0,93.0,127.0 34.0,215.0,82.0
16:155.0,194.0,244.0 36.0,245.0,89.0 58.0,71.0,99.0 110.0,134.0,90.0 138.0,145.0,204.0 121.0,175.0,26.0 200.0,13.0,213.0 129.0,235.0,154.0 204.0,58.0,123.0 237.0,79.0,206.0
17:72.0,195.0,154.0 212.0,221.0,231.0 190.0,95.0,81.0 89.0,184.0,117.0 119.0,127.0,86.0 124.0,16.0,143.0 27.0,221.0,229.0 193.0,111.0,209.0 155.0,90.0,243.0 151.0,70.0,150.0
18:13.0,106.0,61.0 65.0,58.0,170.0 70.0,188.0,237.0 205.0,91.0,50.0 107.0,100.0,70.0 144.0,210.0,68.0 252.0,69.0,127.0
19:21.0,1.0,0.0 5.0,148.0,106.0 189.0,129.0,136.0 154.0,34.0,112.0 52.0,92.0,93.0
20:142.0,192.0,185.0 122.0,71.0,76.0 96.0,248.0,101.0 122.0,61.0,93.0 171.0,81.0,71.0 111.0,91.0,35.0 219.0,177.0,67.0 158.0,110.0,194.0 67.0,209.0,238.0 5.0,195.0,195.0 76.0,47.0,131.0 99.0,234.0,181.0 43.0,124.0,96.0 129.0,44.0,166.0 52.0,83.0,214.0 35.0,176.0,215.0 73.0,164.0,93.0 52.0,125.0,203.0
21:16.0,13.0,184.0 152.0,206.0,160.0 94.0,52.0,212.0 105.0,23.0,227.0 246.0,16.0,179.0 195.0,64.0,0.0 138.0,97.0,137.0 11.0,77.0,187.0 207.0,205.0,137.0 58.0,131.0,218.0 181.0,0.0,129.0 74.0,203.0,176.0
22:234.0,244.0,251.0 78.0,166.0,165.0 229.0,21.0,135.0 212.0,5.0,255.0 38.0,218.0,226.0 49.0,112.0,137.0 249.0,251.0,135.0 232.0,37.0,241.0 75.0,72.0,180.0 228.0,167.0,66.0 110.0,20.0,34.0 157.0,204.0,97.0 207.0,102.0,85.0 251.0,212.0,204.0 35.0,115.0,54.0 121.0,111.0,15.0 106.0,32.0,99.0
23:180.0,238.0,182.0 247.0,116.0,33.0 47.0,151.0,154.0 57.0,84.0,135.0 119.0,36.0,13.0 120.0,104.0,52.0 254.0,80.0,149.0 89.0,76.0,232.0 98.0,54.0,148.0 52.0,121.0,3.0
24:48.0,82.0,186.0 85.0,249.0,27.0 91.0,180.0,10.0 95.0,203.0,7.0 209.0,88.0,147.0
25:17.0,56.0,131.0 188.0,87.0,202.0 99.0,219.0,153.0 145.0,169.0,236.0 224.0,227.0,225.0 205.0,81.0,135.0 99.0,151.0,154.0 135.0,113.0,63.0 30.0,138.0,170.0 68.0,29.0,78.0 27.0,234.0,193.0 233.0,220.0,169.0 198.0,64.0,37.0
26:214.0,140.0,92.0 220.0,132.0,154.0 135.0,98.0,88.0 110.0,233.0,144.0 220.0,81.0,253.0 167.0,140.0,77.0 47.0,183.0,196.0 66.0,147.0,59.0
27:160.0,131.0,176.0 96.0,216.0,149.0 19.0,197.0,5.0 253.0,57.0,72.0 69.0,247.0,145.0 212.0,45.0,215.0 21.0,145.0,140.0 247.0,66.0,31.0 195.0,223.0,159.0 253.0,168.0,24.0 153.0,126.0,133.0 175.0,56.0,196.0 117.0,196.0,118.0 197.0,216.0,168.0 68.0,247.0,120.0 202.0,182.0,84.0 254.0,171.0,250.0 17.0,240.0,173.0
28:237.0,185.0,232.0 136.0,18.0,180.0 160.0,163.0,67.0 59.0,117.0,97.0 46.0,42.0,232.0 7.0,164.0,91.0 166.0,244.0,182.0 193.0,134.0,123.0 206.0,80.0,243.0 118.0,86.0,32.0 56.0,41.0,129.0 136.0,135.0,9.0 66.0,97.0,74.0
29:116.0,186.0,73.0 14.0,166.0,56.0 36.0,166.0,146.0 190.0,72.0,78.0 204.0,194.0,236.0 216.0,76.0,2.0 18.0,172.0,138.0 9.0,238.0,192.0 219.0,149.0,30.0 94.0,89.0,8.0 35.0,125.0,204.0
30:254.0,139.0,174.0 34.0,179.0,83.0 114.0,10.0,148.0 93.0,152.0,143.0 120.0,230.0,206.0 194.0,6.0,8.0 28.0,254.0,12.0 119.0,63.0,194.0 242.0,80.0,101.0 187.0,132.0,168.0 34.0,55.0,98.0 3.0,53.0,93.0 187.0,243.0,113.0 192.0,6.0,39.0 185.0,2.0,180.0 85.0,49.0,63.0 58.0,54.0,240.0
31:105.0,210.0,8.0 185.0,36.0,82.0 234.0,231.0,157.0 65.0,208.0,110.0 53.0,42.0,27.0 245.0,167.0,165.0 64.0,13.0,79.0 54.0,157.0,98.0 58.0,36.0,119.0 27.0,156.0,91.0 135.0,218.0,175.0 160.0,251.0,33.0 199.0,140.0,156.0 35.0,221.0,45.0 190.0,241.0,107.0 214.0,73.0,142.0 221.0,192.0,176.0 222.0,124.0,190.0
32:48.0,122.0,100.0 154.0,128.0,8.0 242.0,43.0,230.0 29.0,92.0,182.0 186.0,36.0,171.0 129.0,27.0,153.0
33:21.0,166.0,190.0 243.0,17.0,165.0 17.0,230.0,111.0 167.0,212.0,210.0 64.0,61.0,11.0 48.0,118.0,24.0 38.0,211.0,14.0 20.0,47.0,231.0 73.0,97.0,254.0 51.0,160.0,151.0 82.0,212.0,181.0
34:211.0,16.0,156.0 121.0,121.0,74.0 167.0,183.0,131.0 161.0,43.0,237.0 107.0,131.0,247.0
35:124.0,238.0,165.0 17.0,52.0,86.0 196.0,29.0,91.0 156.0,166.0,185.0 193.0,238.0,32.0 214.0,177.0,49.0 89.0,144.0,53.0 216.0,232.0,90.0 146.0,239.0,0.0 16.0,245.0,85.0 49.0,206.0,173.0
36:191.0,200.0,236.0 90.0,24.0,49.0 129.0,37.0,59.0 94.0,181.0,204.0 192.0,62.0,255.0 8.0,36.0,159.0 28.0,83.0,246.0 196.0,4.0,10.0 248.0,174.0,57.0 125.0,92.0,163.0 134.0,184.0,152.0 23.0,156.0,45.0 143.0,5.0,70.0 172.0,142.0,92.0 150.0,162.0,188.0 63.0,199.0,244.0 46.0,249.0,30.0 59.0,140.0,127.0
37:19.0,252.0,107.0 221.0,137.0,244.0 247.0,208.0,16.0 150.0,121.0,226.0 146.0,184.0,208.0 18.0,121.0,108.0
38:243.0,247.0,125.0 42.0,57.0,146.0 162.0,156.0,253.0 83.0,50.0,162.0 217.0,240.0,22.0
39:70.0,9.0,69.0 33.0,206.0,157.0 158.0,80.0,50.0 207.0,96.0,88.0 132.0,126.0,144.0 63.0,248.0,80.0 148.0,32.0,152.0 61.0,177.0,227.0 142.0,215.0,6.0 28.0,127.0,18.0
40:247.0,157.0,145.0 63.0,11.0,74.0 253.0,193.0,249.0 193.0,33.0,68.0 245.0,133.0,53.0 209.0,81.0,13.0 211.0,91.0,177.0 102.0,190.0,70.0 23.0,129.0,203.0
41:161.0,159.0,2.0 111.0,162.0,44.0 21.0,95.0,150.0 91.0,33.0,46.0 99.0,198.0,105.0 162.0,102.0,199.0 248.0,47.0,188.0 56.0,92.0,46.0 111.0,74.0,57.0 196.0,135.0,177.0 224.0,30.0,199.0 134.0,59.0,112.0 37.0,23.0,201.0
42:167.0,167.0,159.0 83.0,188.0,63.0 176.0,217.0,121.0 224.0,88.0,251.0 64.0,245.0,174.0 115.0,131.0,231.0 248.0,96.0,219.0 167.0,68.0,122.0 106.0,75.0,131.0 111.0,163.0,94.0 99.0,73.0,228.0
43:67.0,112.0,15.0 138.0,27.0,96.0 41.0,118.0,229.0 243.0,50.0,165.0 37.0,38.0,200.0 86.0,238.0,100.0 254.0,199.0,237.0 157.0,151.0,211.0 237.0,152.0,12.0 147.0,143.0,106.0 58.0,228.0,62.0
44:63.0,11.0,196.0 174.0,223.0,227.0 222.0,135.0,230.0 172.0,2.0,186.0 53.0,141.0,155.0 9.0,249.0,177.0 167.0,70.0,150.0 2.0,221.0,109.0 88.0,54.0,247.0 11.0,54.0,120.0
45:37.0,215.0,70.0 132.0,36.0,219.0 124.0,220.0,93.0 41.0,174.0,218.0 136.0,253.0,30.0 139.0,112.0,67.0 1.0,160.0,98.0 111.0,224.0,248.0 211.0,117.0,167.0 131.0,231.0,109.0 100.0,95.0,237.0 191.0,85.0,36.0
46:41.0,64.0,89.0 152.0,184.0,163.0 42.0,25.0,189.0 227.0,123.0,8.0 183.0,246.0,144.0 133.0,189.0,113.0 232.0,236.0,10.0 12.0,126.0,65.0 144.0,251.0,84.0 32.0,37.0,226.0
47:220.0,114.0,149.0 145.0,216.0,10.0 150.0,55.0,186.0 12.0,144.0,120.0 213.0,68.0,107.0 147.0,83.0,124.0 80.0,213.0,91.0
48:46.0,127.0,107.0 11.0,241.0,176.0 146.0,14.0,195.0 135.0,182.0,50.0 120.0,69.0,191.0 111.0,128.0,28.0 135.0,79.0,20.0 84.0,115.0,228.0
49:8.0,222.0,78.0 194.0,212.0,43.0 143.0,163.0,110.0 84.0,97.0,20.0 166.0,250.0,6.0 145.0,204.0,5.0 23.0,18.0,56.0 48.0,202.0,13.0 71.0,150.0,222.0 228.0,7.0,78.0 87.0,134.0,125.0
50:28.0,29.0,136.0 163.0,3.0,95.0 67.0,118.0,4.0 118.0,212.0,128.0 50.0,183.0,0.0 54.0,21.0,172.0
51:136.0,239.0,34.0 153.0,154.0,35.0 11.0,156.0,142.0 88.0,36.0,177.0 52.0,110.0,15.0 16.0,243.0,78.0 106.0,197.0,6.0 182.0,206.0,24.0
52:77.0,167.0,243.0 223.0,226.0,49.0 230.0,133.0,237.0 110.0,41.0,209.0 116.0,169.0,157.0 218.0,110.0,243.0 40.0,180.0,171.0 222.0,145.0,36.0 21.0,115.0,61.0 58.0,93.0,224.0 187.0,132.0,96.0 108.0,127.0,61.0 136.0,156.0,153.0 94.0,147.0,106.0
53:235.0,91.0,118.0 51.0,110.0,245.0 243.0,25.0,117.0 200.0,150.0,149.0 9.0,96.0,70.0 220.0,141.0,190.0 60.0,170.0,59.0 18.0,68.0,64.0 92.0,62.0,154.0 200.0,127.0,254.0 92.0,55.0,40.0 117.0,216.0,197.0 176.0,71.0,37.0 160.0,170.0,157.0 50.0,59.0,195.0 76.0,252.0,202.0 33.0,147.0,243.0 127.0,205.0,193.0 215.0,153.0,247.0
54:71.0,194.0,144.0 55.0,2.0,16.0 119.0,91.0,20.0 251.0,124.0,254.0 114.0,50.0,197.0 85.0,182.0,244.0
55:89.0,45.0,216.0 218.0,23.0,220.0 178.0,199.0,30.0 36.0,89.0,124.0 169.0,159.0,121.0 196.0,183.0,15.0 96.0,26.0,191.0 102.0,0.0,182.0 39.0,238.0,10.0 204.0,151.0,89.0
56:242.0,24.0,12.0 17.0,210.0,8.0 6.0,242.0,2.0 71.0,42.0,57.0 77.0,189.0,215.0
57:67.0,85.0,230.0 0.0,57.0,172.0 134.0,182.0,168.0 155.0,52.0,223.0 158.0,194.0,249.0 86.0,254.0,251.0 239.0,135.0,191.0 55.0,32.0,196.0 26.0,178.0,230.0
58:4.0,172.0,52.0 6.0,65.0,198.0 167.0,130.0,158.0 217.0,67.0,97.0 57.0,15.0,2.0 219.0,109.0,52.0 84.0,30.0,245.0 194.0,127.0,128.0 189.0,28.0,215.0 225.0,85.0,175.0 155.0,25.0,54.0 5.0,130.0,50.0 26.0,33.0,175.0 90.0,39.0,110.0 230.0,42.0,8.0 239.0,61.0,208.0
59:120.0,201.0,217.0 174.0,112.0,139.0 143.0,43.0,124.0 174.0,224.0,148.0 95.0,245.0,103.0 136.0,250.0,100.0
60:226.0,188.0,14.0 7.0,89.0,100.0 216.0,250.0,63.0 82.0,93.0,205.0 31.0,224.0,53.0 156.0,225.0,183.0 255.0,154.0,11.0 112.0,122.0,162.0 233.0,2.0,98.0 77.0,97.0,130.0 142.0,71.0,109.0 246.0,149.0,170.0 8.0,150.0,25.0 193.0,81.0,21.0
61:153.0,108.0,207.0 242.0,117.0,143.0 255.0,75.0,16.0 229.0,157.0,98.0 125.0,73.0,104.0 137.0,93.0,73.0 196.0,229.0,35.0 121.0,69.0,195.0 10.0,112.0,190.0 37.0,9.0,45.0 16.0,131.0,12.0 254.0,58.0,65.0 250.0,193.0,219.0 155.0,176.0,161.0 78.0,136.0,43.0 219.0,189.0,82.0 43.0,169.0,205.0
62:189.0,3.0,94.0 37.0,123.0,93.0 226.0,130.0,91.0 153.0,238.0,166.0 86.0,13.0,188.0 193.0,116.0,107.0 249.0,208.0,162.0 87.0,210.0,34.0 96.0,3.0,53.0 134.0,102.0,108.0 32.0,1.0,126.0 123.0,39.0,227.0 112.0,120.0,85.0 158.0,124.0,214.0 213.0,129.0,45.0
63:166.0,91.0,33.0 127.0,253.0,90.0 14.0,252.0,68.0 241.0,33.0,96.0 199.0,148.0,67.0 122.0,178.0,242.0 28.0,239.0,13.0 62.0,234.0,187.0 138.0,202.0,198.0 64.0,21.0,203.0 42.0,68.0,123.0 192.0,10.0,29.0 108.0,144.0,187.0 251.0,207.0,201.0 82.0,147.0,177.0 144.0,72.0,136.0 78.0,176.0,49.0 236.0,20.0,59.0
64:122.0,63.0,63.0 242.0,102.0,251.0 96.0,145.0,43.0 11.0,63.0,233.0 143.0,145.0,178.0 22.0,23.0,58.0 197.0,16.0,55.0 118.0,100.0,143.0
65:61.0,138.0,83.0 195.0,140.0,123.0 94.0,44.0,22.0 9.0,136.0,27.0 11.0,175.0,218.0 104.0,99.0,207.0 131.0,175.0,26.0 167.0,68.0,214.0 35.0,158.0,15.0
66:104.0,154.0,176.0 255.0,83.0,117.0 162.0,8.0,246.0 19.0,1.0,162.0 109.0,153.0,82.0 14.0,196.0,159.0 87.0,165.0,201.0 156.0,57.0,118.0 77.0,82.0,8.0 80.0,29.0,240.0
67:242.0,21.0,186.0 3.0,250.0,90.0 106.0,249.0,249.0 134.0,171.0,120.0 8.0,64.0,26.0 232.0,65.0,114.0 34.0,150.0,26.0 121.0,111.0,205.0 4.0,41.0,162.0 111.0,173.0,111.0
68:66.0,152.0,84.0 63.0,11.0,155.0 204.0,241.0,143.0 249.0,81.0,25.0 27.0,224.0,157.0 109.0,140.0,112.0 44.0,133.0,100.0 251.0,33.0,125.0 179.0,36.0,44.0 255.0,123.0,33.0 101.0,196.0,215.0 187.0,76.0,55.0 184.0,40.0,244.0
69:147.0,200.0,19.0 6.0,93.0,147.0 29.0,17.0,197.0 114.0,20.0,105.0 129.0,220.0,168.0 80.0,4.0,182.0 147.0,110.0,26.0 98.0,1.0,208.0 126.0,246.0,15.0 131.0,123.0,47.0
70:174.0,83.0,149.0 125.0,224.0,255.0 60.0,251.0,19.0 82.0,27.0,18.0 182.0,51.0,78.0 212.0,84.0,138.0 234.0,234.0,243.0 139.0,73.0,87.0 133.0,8.0,170.0 222.0,192.0,165.0 94.0,216.0,177.0 196.0,21.0,5.0 180.0,222.0,245.0 16.0,48.0,73.0 80.0,105.0,200.0 212.0,69.0,224.0
71:104.0,66.0,223.0 5.0,218.0,182.0 253.0,130.0,48.0 129.0,200.0,4.0 30.0,217.0,127.0 91.0,74.0,102.0 137.0,131.0,177.0 95.0,132.0,196.0 246.0,19.0,232.0 216.0,31.0,149.0 100.0,39.0,30.0 242.0,231.0,117.0 208.0,214.0,140.0 222.0,160.0,157.0 120.0,197.0,156.0 4.0,105.0,59.0 199.0,162.0,246.0
72:253.0,122.0,105.0 29.0,9.0,192.0 91.0,234.0,107.0 205.0,163.0,244.0 187.0,23.0,95.0
73:82.0,165.0,224.0 223.0,152.0,74.0 119.0,2.0,1.0 64.0,189.0,153.0 125.0,162.0,181.0 144.0,146.0,185.0
74:208.0,185.0,139.0 204.0,217.0,109.0 91.0,232.0,4.0 201.0,107.0,43.0 250.0,129.0,129.0
75:115.0,170.0,236.0 144.0,85.0,177.0 240.0,36.0,227.0 124.0,186.0,144.0 1.0,43.0,54.0 174.0,207.0,127.0 215.0,39.0,156.0 169.0,185.0,94.0
76:134.0,80.0,65.0 14.0,209.0,130.0 140.0,48.0,112.0 223.0,247.0,234.0 52.0,187.0,35.0 58.0,172.0,60.0 246.0,110.0,95.0 54.0,223.0,29.0 56.0,98.0,4.0 174.0,13.0,178.0 145.0,113.0,116.0 46.0,137.0,45.0 81.0,88.0,250.0 3.0,146.0,150.0 231.0,18.0,2.0 167.0,172.0,248.0
77:41.0,27.0,122.0 89.0,218.0,44.0 110.0,48.0,170.0 164.0,147.0,189.0 152.0,171.0,165.0 61.0,152.0,67.0 30.0,98.0,167.0
78:61.0,207.0,42.0 124.0,99.0,241.0 221.0,6.0,207.0 80.0,181.0,63.0 73.0,239.0,120.0 214.0,84.0,149.0 216.0,158.0,221.0 250.0,225.0,76.0 11.0,83.0,70.0 247.0,108.0,238.0 14.0,144.0,137.0 178.0,227.0,80.0 237.0,55.0,154.0 43.0,160.0,153.0
79:27.0,140.0,157.0 56.0,56.0,125.0 1.0,214.0,2.0 178.0,70.0,182.0 120.0,133.0,247.0 77.0,13.0,96.0 229.0,112.0,241.0 201.0,169.0,121.0 196.0,218.0,121.0 202.0,92.0,223.0 0.0,244.0,8.0 50.0,181.0,248.0
80:16.0,1.0,163.0 193.0,66.0,167.0 179.0,237.0,174.0 18.0,185.0,172.0 186.0,25.0,132.0 166.0,25.0,71.0 163.0,92.0,21.0 58.0,31.0,185.0 218.0,233.0,99.0
81:67.0,38.0,218.0 232.0,45.0,159.0 134.0,105.0,164.0 25.0,193.0,80.0 40.0,200.0,112.0 186.0,17.0,215.0 48.0,43.0,247.0 197.0,113.0,52.0 252.0,233.0,217.0
82:75.0,159.0,202.0 52.0,237.0,168.0 43.0,14.0,251.0 149.0,149.0,232.0 97.0,81.0,226.0 69.0,120.0,10.0 167.0,168.0,157.0 223.0,46.0,100.0 197.0,158.0,23.0 68.0,143.0,211.0 14.0,140.0,120.0 41.0,61.0,208.0 173.0,11.0,86.0 68.0,77.0,12.0 167.0,135.0,225.0 182.0,217.0,229.0
83:10.0,110.0,206.0 19.0,228.0,100.0 61.0,176.0,118.0 15.0,135.0,80.0 213.0,168.0,138.0 231.0,193.0,131.0
84:135.0,42.0,54.0 191.0,88.0,69.0 13.0,114.0,127.0 79.0,41.0,78.0 28.0,204.0,244.0 215.0,108.0,9.0 243.0,71.0,41.0 141.0,245.0,89.0 135.0,214.0,143.0
85:171.0,7.0,55.0 35.0,219.0,37.0 61.0,140.0,58.0 32.0,196.0,140.0 236.0,98.0,37.0 156.0,240.0,206.0 137.0,152.0,37.0 163.0,237.0,76.0 195.0,151.0,87.0 120.0,254.0,113.0 161.0,165.0,33.0 167.0,154.0,8.0 246.0,112.0,23.0 176.0,29.0,239.0
86:157.0,19.0,58.0 169.0,201.0,240.0 168.0,50.0,153.0 202.0,211.0,249.0 238.0,24.0,244.0 42.0,106.0,145.0 36.0,5.0,51.0 153.0,213.0,235.0
87:93.0,117.0,148.0 27.0,255.0,175.0 15.0,104.0,196.0 61.0,248.0,222.0 65.0,52.0,146.0 132.0,251.0,171.0
88:21.0,6.0,221.0 230.0,149.0,252.0 57.0,90.0,152.0 139.0,34.0,16.0 181.0,246.0,27.0 250.0,35.0,194.0 2.0,53.0,206.0
89:128.0,248.0,68.0 69.0,131.0,201.0 224.0,223.0,131.0 183.0,21.0,76.0 225.0,49.0,97.0 90.0,150.0,139.0 100.0,254.0,82.0 155.0,105.0,4.0
90:80.0,221.0,107.0 100.0,197.0,54.0 133.0,208.0,218.0 24.0,100.0,167.0 226.0,211.0,95.0 72.0,217.0,223.0
91:132.0,136.0,27.0 15.0,171.0,100.0 142.0,174.0,81.0 126.0,52.0,106.0 239.0,81.0,69.0 224.0,98.0,96.0
92:106.0,34.0,12.0 142.0,125.0,203.0 163.0,93.0,216.0 231.0,163.0,65.0 227.0,184.0,12.0 118.0,194.0,158.0 215.0,204.0,123.0 41.0,248.0,43.0
93:33.0,181.0,90.0 83.0,145.0,130.0 123.0,176.0,89.0 230.0,50.0,17.0 90.0,104.0,98.0 253.0,181.0,241.0 167.0,66.0,25.0 48.0,252.0,169.0
94:185.0,55.0,165.0 80.0,140.0,208.0 120.0,179.0,193.0 173.0,96.0,61.0 41.0,100.0,226.0 171.0,215.0,96.0 246.0,227.0,35.0 181.0,125.0,247.0 164.0,160.0,66.0 247.0,31.0,27.0
95:129.0,135.0,255.0 203.0,184.0,85.0 52.0,226.0,164.0 10.0,134.0,238.0 66.0,36.0,172.0 41.0,41.0,102.0 219.0,72.0,75.0 155.0,240.0,112.0 218.0,134.0,41.0
96:216.0,86.0,179.0 114.0,252.0,189.0 170.0,17.0,205.0 237.0,187.0,2.0 218.0,206.0,234.0 55.0,250.0,133.0 253.0,63.0,183.0 105.0,52.0,91.0 205.0,191.0,231.0
97:85.0,129.0,189.0 143.0,207.0,115.0 41.0,201.0,76.0 149.0,234.0,158.0 176.0,111.0,193.0 231.0,18.0,167.0 121.0,85.0,50.0 187.0,83.0,4.0 163.0,112.0,220.0 95.0,56.0,69.0
98:148.0,120.0,108.0 200.0,190.0,194.0 59.0,254.0,136.0 228.0,203.0,110.0 160.0,159.0,108.0 139.0,171.0,248.0 3.0,130.0,183.0 233.0,96.0,115.0 45.0,195.0,236.0 130.0,68.0,110.0 213.0,35.0,217.0 5.0,24.0,225.0 200.0,234.0,104.0 251.0,132.0,135.0
99:28.0,241.0,22.0 168.0,94.0,242.0 51.0,238.0,66.0 221.0,180.0,29.0 96.0,90.0,146.0 96.0,126.0,226.0
100:7.0,19.0,103.0 108.0,22.0,75.0 77.0,124.0,240.0 65.0,75.0,6.0 9.0,62.0,99.0 253.0,201.0,191.0 123.0,76.0,159.0 89.0,189.0,18.0 24.0,177.0,78.0 254.0,248.0,91.0 75.0,123.0,166.0 73.0,85.0,203.0 243.0,49.0,137.0 82.0,173.0,153.0 104.0,76.0,17.0 66.0,50.0,117.0 248.0,119.0,3.0 232.0,182.0,177.0
101:138.0,166.0,127.0 99.0,181.0,2.0 156.0,216.0,92.0 241.0,196.0,111.0 240.0,117.0,243.0
102:85.0,159.0,65.0 140.0,41.0,30.0 222.0,77.0,172.0 84.0,18.0,239.0 31.0,47.0,174.0 31.0,252.0,152.0 171.0,11.0,3.0 25.0,110.0,215.0 99.0,3.0,54.0 239.0,121.0,233.0 90.0,229.0,121.0 229.0,253.0,42.0 15.0,120.0,59.0 185.0,157.0,160.0 197.0,17.0,78.0 156.0,59.0,210.0 149.0,115.0,45.0 81.0,248.0,106.0
103:189.0,25.0,143.0 73.0,202.0,195.0 107.0,82.0,2.0 136.0,174.0,200.0 250.0,214.0,235.0 156.0,212.0,211.0 128.0,40.0,186.0 205.0,11.0,45.0 212.0,172.0,78.0 144.0,90.0,212.0 189.0,83.0,26.0
104:84.0,38.0,201.0 161.0,42.0,246.0 130.0,230.0,27.0 106.0,118.0,79.0 190.0,60.0,254.0 28.0,192.0,6.0 216.0,64.0,220.0
105:115.0,23.0,49.0 242.0,8.0,55.0 61.0,165.0,134.0 70.0,7.0,111.0 43.0,165.0,241.0 213.0,141.0,35.0 99.0,28.0,40.0 135.0,246.0,220.0 100.0,3.0,243.0
106:247.0,181.0,187.0 151.0,204.0,82.0 72.0,93.0,149.0 26.0,235.0,107.0 219.0,150.0,170.0 205.0,121.0,188.0 176.0,146.0,249.0
107:149.0,189.0,90.0 142.0,119.0,142.0 141.0,123.0,246.0 104.0,74.0,214.0 69.0,165.0,105.0 44.0,90.0,199.0 254.0,200.0,250.0 182.0,19.0,148.0 140.0,117.0,86.0 38.0,193.0,171.0 67.0,206.0,252.0
108:125.0,9.0,233.0 18.0,161.0,44.0 137.0,135.0,242.0 49.0,171.0,172.0 146.0,60.0,70.0 146.0,254.0,142.0 14.0,102.0,41.0
109:221.0,238.0,142.0 144.0,110.0,234.0 66.0,52.0,55.0 251.0,8.0,13.0 34.0,77.0,220.0 136.0,140.0,247.0 66.0,12.0,112.0 147.0,89.0,227.0 184.0,38.0,188.0 157.0,139.0,69.0 70.0,124.0,192.0 64.0,113.0,147.0 251.0,127.0,180.0 143.0,133.0,27.0 11.0,152.0,21.0 157.0,147.0,40.0 149.0,88.0,110.0 49.0,240.0,235.0
110:83.0,67.0,106.0 127.0,245.0,141.0 240.0,19.0,4.0 158.0,97.0,51.0 207.0,29.0,4.0 192.0,224.0,225.0 31.0,32.0,220.0 187.0,189.0,93.0 38.0,166.0,157.0 108.0,40.0,216.0 16.0,204.0,238.0 170.0,61.0,87.0 254.0,39.0,234.0
111:16.0,55.0,248.0 109.0,101.0,4.0 132.0,72.0,226.0 157.0,88.0,15.0 195.0,33.0,157.0 43.0,110.0,235.0 87.0,241.0,164.0 38.0,98.0,48.0 36.0,249.0,32.0 206.0,189.0,205.0
112:25.0,231.0,128.0 105.0,172.0,139.0 171.0,187.0,129.0 113.0,79.0,90.0 9.0,21.0,114.0 216.0,34.0,164.0 222.0,0.0,241.0 234.0,53.0,188.0 92.0,124.0,86.0
113:135.0,213.0,155.0 172.0,102.0,228.0 150.0,187.0,243.0 0.0,79.0,204.0 89.0,102.0,211.0 188.0,19.0,208.0 5.0,15.0,150.0 119.0,36.0,146.0 84.0,8.0,120.0 103.0,194.0,111.0 124.0,229.0,30.0 39.0,188.0,103.0 222.0,167.0,219.0 215.0,203.0,48.0 255.0,232.0,182.0 49.0,1.0,14.0 51.0,33.0,186.0
114:191.0,131.0,203.0 46.0,53.0,139.0 196.0,174.0,165.0 75.0,166.0,195.0 42.0,202.0,237.0 127.0,117.0,26.0 23.0,52.0,98.0 72.0,99.0,128.0 186.0,151.0,131.0 193.0,243.0,46.0 106.0,129.0,171.0
115:187.0,251.0,61.0 214.0,49.0,169.0 18.0,97.0,106.0 74.0,16.0,150.0 120.0,234.0,237.0 196.0,144.0,3.0 107.0,115.0,169.0
116:200.0,127.0,162.0 82.0,179.0,42.0 13.0,27.0,3.0 129.0,67.0,53.0 229.0,37.0,86.0 112.0,224.0,61.0 231.0,157.0,152.0 168.0,212.0,159.0 15.0,242.0,73.0 186.0,105.0,42.0 46.0,140.0,58.0 23.0,179.0,12.0 130.0,95.0,90.0 198.0,200.0,10.0 119.0,208.0,253.0 241.0,36.0,199.0 161.0,187.0,188.0 74.0,49.0,158.0
117:53.0,155.0,86.0 23.0,199.0,164.0 143.0,184.0,240.0 253.0,221.0,102.0 152.0,100.0,36.0 36.0,6.0,80.0 81.0,212.0,116.0 172.0,70.0,243.0 19.0,137.0,157.0 212.0,244.0,41.0 83.0,2.0,34.0 56.0,134.0,180.0
118:113.0,175.0,65.0 18.0,163.0,36.0 145.0,27.0,236.0 134.0,179.0,227.0 69.0,3.0,100.0 139.0,204.0,171.0 212.0,118.0,179.0 81.0,236.0,20.0 229.0,226.0,102.0 93.0,85.0,30.0 220.0,251.0,42.0 187.0,227.0,104.0 213.0,122.0,203.0
119:201.0,76.0,56.0 44.0,185.0,220.0 60.0,74.0,70.0 238.0,235.0,192.0 236.0,89.0,249.0 198.0,169.0,59.0 95.0,140.0,189.0 170.0,81.0,35.0 145.0,98.0,225.0 9.0,219.0,175.0 98.0,54.0,122.0 247.0,3.0,176.0 148.0,124.0,220.0 196.0,11.0,102.0
120:185.0,199.0,138.0 151.0,174.0,84.0 28.0,74.0,91.0 12.0,4.0,225.0 198.0,94.0,7.0 36.0,159.0,242.0 29.0,53.0,204.0 127.0,169.0,204.0 176.0,75.0,47.0 190.0,255.0,191.0 24.0,21.0,213.0 122.0,238.0,113.0 151.0,148.0,27.0
121:178.0,160.0,69.0 52.0,85.0,190.0 42.0,85.0,220.0 173.0,182.0,62.0 230.0,100.0,93.0 57.0,5.0,122.0 159.0,135.0,144.0 118.0,137.0,144.0 46.0,203.0,198.0 24.0,62.0,255.0 167.0,54.0,181.0 92.0,128.0,63.0 252.0,10.0,185.0 248.0,15.0,186.0 232.0,176.0,122.0 173.0,254.0,248.0 95.0,226.0,134.0 155.0,35.0,213.0
122:112.0,141.0,25.0 37.0,99.0,17.0 135.0,157.0,32.0 102.0,37.0,95.0 101.0,163.0,102.0 102.0,121.0,43.0 85.0,142.0,110.0 145.0,199.0,14.0 149.0,24.0,169.0 223.0,74.0,44.0 137.0,91.0,204.0 81.0,112.0,238.0 18.0,55.0,57.0 44.0,56.0,134.0 148.0,109.0,195.0 15.0,32.0,230.0 210.0,112.0,40.0
123:40.0,126.0,82.0 231.0,15.0,182.0 173.0,133.0,236.0 221.0,92.0,36.0 246.0,239.0,59.0 236.0,158.0,147.0 169.0,67.0,91.0 209.0,176.0,122.0 128.0,107.0,38.0 177.0,100.0,98.0 195.0,205.0,79.0 198.0,163.0,96.0 208.0,25.0,134.0 133.0,210.0,105.0
124:219.0,210.0,112.0 104.0,139.0,1.0 120.0,23.0,12.0 180.0,250.0,101.0 199.0,233.0,23.0 125.0,192.0,183.0 229.0,122.0,132.0 116.0,55.0,194.0 205.0,174.0,87.0 148.0,23.0,40.0 132.0,37.0,198.0 140.0,167.0,118.0 93.0,170.0,239.0 83.0,68.0,71.0
125:24.0,86.0,244.0 52.0,104.0,66.0 3.0,47.0,136.0 197.0,219.0,6.0 229.0,105.0,151.0
126:19.0,216.0,240.0 136.0,87.0,122.0 214.0,46.0,8.0 218.0,174.0,54.0 107.0,161.0,139.0 153.0,19.0,219.0 80.0,19.0,38.0 166.0,90.0,129.0 115.0,0.0,13.0 102.0,25.0,72.0 207.0,197.0,231.0 117.0,188.0,14.0 243.0,210.0,225.0 9.0,78.0,147.0 168.0,121.0,174.0 147.0,244.0,223.0 170.0,239.0,246.0 76.0,44.0,105.0
127:47.0,59.0,208.0 6.0,196.0,239.0 130.0,34.0,234.0 71.0,254.0,127.0 102.0,29.0,5.0 249.0,29.0,145.0 230.0,196.0,218.0 155.0,97.0,208.0 24.0,182.0,195.0 195.0,5.0,65.0 106.0,169.0,206.0 179.0,147.0,191.0
128:217.0,192.0,223.0 87.0,146.0,237.0 204.0,153.0,1.0 246.0,134.0,4.0 205.0,250.0,59.0
129:136.0,38.0,157.0 116.0,233.0,72.0 211.0,190.0,145.0 167.0,149.0,225.0 151.0,137.0,235.0 21.0,210.0,133.0 126.0,7.0,101.0 92.0,22.0,162.0 147.0,104.0,93.0 8.0,193.0,145.0 5.0,121.0,149.0 100.0,77.0,139.0 150.0,113.0,114.0 56.0,243.0,48.0 193.0,35.0,146.0 230.0,166.0,252.0 161.0,231.0,252.0 32.0,147.0,129.0 142.0,7.0,178.0
130:80.0,29.0,235.0 166.0,63.0,44.0 74.0,64.0,55.0 208.0,248.0,161.0 172.0,45.0,67.0 129.0,93.0,7.0 115.0,189.0,236.0 130.0,17.0,130.0 146.0,183.0,34.0 43.0,212.0,107.0 38.0,238.0,179.0 146.0,106.0,200.0 192.0,164.0,91.0 42.0,155.0,148.0 213.0,62.0,125.0
131:191.0,40.0,64.0 127.0,62.0,167.0 168.0,136.0,115.0 73.0,156.0,45.0 107.0,164.0,163.0 236.0,193.0,115.0 79.0,105.0,252.0 153.0,39.0,177.0 197.0,132.0,37.0
132:172.0,108.0,169.0 145.0,188.0,47.0 38.0,94.0,163.0 141.0,222.0,189.0 139.0,116.0,3.0 184.0,1.0,17.0 184.0,26.0,249.0 94.0,242.0,9.0 141.0,226.0,104.0 80.0,193.0,195.0 88.0,245.0,30.0
133:148.0,155.0,195.0 0.0,203.0,86.0 67.0,83.0,149.0 134.0,173.0,241.0 39.0,226.0,146.0 131.0,65.0,76.0 5.0,137.0,121.0 39.0,38.0,70.0 113.0,57.0,64.0 167.0,68.0,216.0 191.0,221.0,138.0 51.0,102.0,147.0 205.0,4.0,24.0
134:232.0,39.0,152.0 151.0,140.0,203.0 229.0,41.0,15.0 216.0,211.0,145.0 72.0,236.0,221.0 75.0,62.0,51.0 123.0,46.0,199.0 232.0,77.0,255.0 213.0,220.0,110.0 34.0,90.0,9.0 175.0,234.0,121.0 27.0,98.0,170.0 119.0,150.0,67.0 10.0,87.0,164.0
135:44.0,206.0,163.0 84.0,224.0,3.0 45.0,222.0,98.0 40.0,15.0,79.0 18.0,87.0,146.0 172.0,25.0,14.0 9.0,157.0,20.0 12.0,22.0,236.0 192.0,161.0,155.0 84.0,87.0,14.0
136:23.0,106.0,106.0 41.0,13.0,76.0 169.0,209.0,249.0 246.0,83.0,10.0 128.0,236.0,100.0 212.0,106.0,60.0 159.0,216.0,96.0 57.0,10.0,231.0 122.0,170.0,226.0 253.0,238.0,63.0 231.0,232.0,65.0 168.0,73.0,174.0 166.0,31.0,99.0 101.0,24.0,223.0
137:34.0,234.0,50.0 170.0,52.0,157.0 76.0,173.0,194.0 61.0,105.0,235.0 227.0,18.0,123.0 179.0,89.0,209.0 122.0,58.0,250.0 45.0,71.0,69.0
138:243.0,68.0,180.0 43.0,204.0,95.0 47.0,214.0,176.0 20.0,182.0,54.0 164.0,239.0,9.0 81.0,246.0,248.0 250.0,66.0,95.0 118.0,211.0,74.0 115.0,111.0,199.0 203.0,61.0,188.0 130.0,171.0,128.0
139:61.0,69.0,236.0 171.0,215.0,28.0 149.0,176.0,122.0 37.0,5.0,241.0 244.0,41.0,120.0 209.0,178.0,137.0 103.0,218.0,1.0 139.0,20.0,117.0 8.0,70.0,72.0
140:147.0,20.0,238.0 76.0,133.0,248.0 63.0,98.0,176.0 90.0,87.0,35.0 179.0,124.0,225.0 55.0,186.0,231.0 140.0,93.0,118.0 173.0,12.0,212.0 126.0,169.0,46.0 144.0,236.0,142.0 22.0,156.0,239.0
141:143.0,4.0,62.0 11.0,245.0,153.0 230.0,166.0,222.0 62.0,93.0,15.0 244.0,142.0,178.0
142:218.0,48.0,162.0 163.0,48.0,86.0 173.0,3.0,241.0 23.0,247.0,157.0 41.0,69.0,166.0 186.0,46.0,110.0 49.0,90.0,238.0 57.0,123.0,204.0 122.0,253.0,116.0 26.0,84.0,1.0 127.0,139.0,33.0 93.0,178.0,248.0 67.0,142.0,173.0 124.0,18.0,41.0 72.0,181.0,58.0 193.0,68.0,218.0 149.0,246.0,141.0 161.0,54.0,18.0 92.0,77.0,173.0
143:183.0,122.0,205.0 176.0,74.0,83.0 41.0,57.0,127.0 164.0,52.0,255.0 78.0,101.0,181.0 214.0,63.0,208.0 179.0,226.0,55.0 0.0,202.0,230.0 153.0,211.0,200.0 214.0,155.0,254.0
144:6.0,154.0,5.0 194.0,238.0,234.0 241.0,241.0,165.0 88.0,155.0,117.0 78.0,225.0,138.0 46.0,227.0,254.0 235.0,88.0,85.0
145:136.0,151.0,30.0 137.0,231.0,151.0 97.0,164.0,147.0 82.0,86.0,224.0 66.0,206.0,146.0 134.0,105.0,240.0 51.0,227.0,247.0 98.0,133.0,56.0 170.0,241.0,161.0 163.0,96.0,190.0 206.0,199.0,30.0
146:39.0,155.0,91.0 107.0,127.0,38.0 121.0,224.0,93.0 186.0,32.0,205.0 208.0,99.0,160.0 133.0,196.0,227.0 24.0,47.0,36.0 5.0,243.0,215.0 62.0,220.0,59.0 141.0,176.0,166.0 250.0,81.0,69.0 4.0,12.0,169.0 251.0,243.0,56.0 70.0,4.0,210.0 250.0,192.0,66.0
147:177.0,20.0,216.0 25.0,130.0,232.0 143.0,29.0,158.0 103.0,193.0,125.0 235.0,37.0,198.0 215.0,230.0,0.0 32.0,28.0,219.0 67.0,143.0,54.0 124.0,126.0,163.0 183.0,187.0,89.0 212.0,189.0,71.0
148:94.0,136.0,78.0 89.0,15.0,85.0 194.0,193.0,233.0 189.0,107.0,99.0 15.0,243.0,97.0 211.0,147.0,19.0 152.0,67.0,28.0 111.0,254.0,212.0
149:191.0,240.0,183.0 42.0,0.0,218.0 152.0,163.0,101.0 103.0,23.0,56.0 90.0,138.0,125.0
150:182.0,224.0,45.0 209.0,158.0,208.0 211.0,21.0,161.0 155.0,233.0,159.0 213.0,108.0,90.0 136.0,118.0,249.0 120.0,243.0,162.0 3.0,239.0,170.0 68.0,88.0,4.0 165.0,192.0,201.0 166.0,46.0,108.0
151:110.0,202.0,28.0 70.0,139.0,251.0 199.0,43.0,27.0 104.0,141.0,13.0 16.0,246.0,90.0 76.0,205.0,174.0 152.0,152.0,72.0 33.0,170.0,161.0
152:76.0,46.0,230.0 172.0,53.0,103.0 157.0,55.0,132.0 182.0,251.0,153.0 22.0,201.0,132.0 54.0,79.0,196.0 253.0,48.0,13.0 150.0,252.0,138.0 68.0,29.0,124.0 2.0,211.0,47.0 251.0,50.0,143.0 175.0,125.0,97.0 8.0,149.0,223.0 73.0,49.0,87.0 99.0,128.0,43.0 221.0,228.0,53.0 217.0,210.0,126.0 109.0,152.0,219.0
153:222.0,165.0,242.0 86.0,151.0,143.0 75.0,141.0,134.0 245.0,253.0,1.0 162.0,44.0,130.0 107.0,10.0,105.0 220.0,222.0,8.0 30.0,80.0,241.0 65.0,56.0,192.0
154:222.0,87.0,65.0 5.0,150.0,163.0 170.0,133.0,221.0 130.0,0.0,171.0 142.0,167.0,196.0 19.0,218.0,199.0
155:57.0,87.0,71.0 237.0,156.0,206.0 24.0,47.0,104.0 34.0,254.0,92.0 153.0,218.0,159.0 54.0,190.0,234.0 247.0,219.0,104.0 250.0,54.0,228.0 100.0,208.0,254.0 171.0,136.0,73.0 154.0,56.0,49.0 169.0,86.0,31.0 187.0,80.0,174.0 71.0,10.0,201.0
156:193.0,45.0,134.0 127.0,230.0,20.0 224.0,216.0,238.0 1.0,164.0,78.0 38.0,181.0,76.0 57.0,116.0,147.0 253.0,14.0,134.0 165.0,214.0,180.0 222.0,168.0,48.0 42.0,138.0,0.0 12.0,240.0,196.0 162.0,231.0,37.0 68.0,106.0,231.0 37.0,18.0,69.0 95.0,41.0,27.0
157:165.0,162.0,10.0 18.0,252.0,122.0 79.0,7.0,241.0 33.0,20.0,242.0 49.0,124.0,0.0 108.0,73.0,157.0 53.0,191.0,66.0 216.0,125.0,131.0 241.0,158.0,52.0 82.0,180.0,121.0 65.0,82.0,10.0 222.0,174.0,6.0 209.0,229.0,116.0 129.0,156.0,110.0 245.0,153.0,0.0 85.0,210.0,232.0 97.0,255.0,235.0
158:146.0,98.0,240.0 143.0,176.0,230.0 92.0,178.0,121.0 10.0,142.0,15.0 193.0,4.0,180.0 81.0,64.0,230.0 176.0,63.0,143.0 112.0,66.0,220.0 37.0,255.0,174.0
159:224.0,246.0,149.0 194.0,139.0,146.0 15.0,91.0,251.0 13.0,187.0,143.0 217.0,212.0,81.0 96.0,181.0,50.0 200.0,142.0,135.0 132.0,27.0,54.0
160:56.0,173.0,168.0 96.0,112.0,204.0 111.0,102.0,105.0 159.0,121.0,180.0 93.0,69.0,237.0 32.0,211.0,142.0 200.0,187.0,218.0 31.0,183.0,140.0 226.0,68.0,216.0 64.0,131.0,17.0 70.0,160.0,5.0 8.0,211.0,187.0 19.0,138.0,109.0 168.0,204.0,59.0 76.0,124.0,254.0 33.0,43.0,207.0
161:100.0,176.0,235.0 208.0,248.0,73.0 180.0,5.0,163.0 21.0,195.0,116.0 173.0,249.0,125.0 114.0,39.0,108.0 139.0,232.0,208.0 54.0,242.0,56.0 102.0,78.0,125.0 239.0,204.0,249.0 116.0,145.0,187.0 207.0,128.0,70.0 200.0,75.0,136.0 77.0,127.0,21.0 239.0,101.0,228.0 47.0,50.0,228.0 82.0,185.0,42.0 179.0,239.0,161.0
162:43.0,50.0,246.0 233.0,178.0,145.0 235.0,12.0,124.0 217.0,3.0,222.0 4.0,139.0,20.0 32.0,42.0,132.0 246.0,17.0,214.0 53.0,15.0,109.0 96.0,60.0,42.0 193.0,5.0,212.0 91.0,56.0,76.0 61.0,133.0,130.0 229.0,143.0,218.0 237.0,198.0,144.0 154.0,3.0,53.0
163:43.0,87.0,50.0 161.0,98.0,106.0 231.0,186.0,146.0 228.0,210.0,78.0 136.0,247.0,76.0 46.0,43.0,139.0 152.0,65.0,47.0 177.0,93.0,144.0 13.0,208.0,1.0 238.0,105.0,134.0 19.0,33.0,232.0 51.0,41.0,174.0 201.0,105.0,93.0 98.0,67.0,253.0 28.0,114.0,173.0 219.0,40.0,248.0
164:46.0,81.0,34.0 173.0,32.0,130.0 227.0,78.0,66.0 12.0,140.0,163.0 186.0,85.0,14.0 248.0,71.0,30.0 254.0,255.0,178.0 118.0,45.0,246.0 129.0,210.0,218.0 208.0,245.0,174.0 23.0,234.0,190.0 199.0,220.0,146.0 92.0,14.0,86.0 226.0,209.0,252.0 5.0,182.0,49.0 158.0,32.0,168.0 16.0,0.0,111.0
165:93.0,103.0,251.0 100.0,238.0,238.0 80.0,50.0,107.0 150.0,72.0,127.0 195.0,249.0,14.0 203.0,174.0,51.0 81.0,211.0,159.0 101.0,162.0,14.0 42.0,90.0,11.0
166:221.0,152.0,10.0 237.0,193.0,175.0 62.0,237.0,10.0 227.0,93.0,199.0 51.0,23.0,59.0 203.0,47.0,190.0 254.0,103.0,107.0
167:66.0,241.0,170.0 223.0,207.0,144.0 226.0,135.0,151.0 232.0,230.0,58.0 11.0,153.0,79.0 228.0,249.0,195.0 79.0,242.0,89.0 108.0,217.0,41.0 27.0,179.0,144.0 48.0,212.0,122.0 4.0,72.0,183.0 197.0,52.0,114.0 175.0,6.0,107.0 38.0,244.0,110.0 68.0,63.0,156.0 177.0,21.0,175.0
168:78.0,30.0,221.0 246.0,209.0,160.0 57.0,4.0,59.0 7.0,105.0,143.0 13.0,245.0,140.0 0.0,185.0,223.0 77.0,185.0,154.0 48.0,190.0,2.0 93.0,191.0,202.0 28.0,13.0,178.0 154.0,100.0,195.0 170.0,73.0,70.0 99.0,229.0,90.0 211.0,150.0,122.0 209.0,145.0,198.0 23.0,41.0,202.0 118.0,7.0,183.0
169:153.0,81.0,94.0 217.0,90.0,24.0 174.0,224.0,74.0 90.0,104.0,171.0 102.0,92.0,185.0 234.0,125.0,70.0 220.0,46.0,188.0 36.0,137.0,74.0 139.0,110.0,151.0
170:86.0,247.0,255.0 231.0,165.0,247.0 245.0,103.0,104.0 199.0,33.0,186.0 124.0,0.0,110.0 116.0,137.0,199.0 127.0,179.0,10.0 255.0,82.0,59.0 33.0,74.0,67.0 243.0,45.0,59.0 170.0,82.0,213.0 168.0,215.0,224.0 147.0,250.0,221.0 253.0,189.0,11.0 214.0,10.0,186.0 200.0,102.0,185.0 58.0,17.0,33.0 8.0,69.0,120.0
171:237.0,148.0,211.0 242.0,36.0,187.0 31.0,194.0,224.0 175.0,84.0,182.0 28.0,10.0,215.0 13.0,236.0,69.0 83.0,74.0,83.0
172:245.0,117.0,253.0 32.0,150.0,72.0 33.0,153.0,207.0 39.0,4.0,240.0 19.0,60.0,46.0 90.0,211.0,203.0 235.0,115.0,223.0 132.0,164.0,65.0 40.0,106.0,225.0
173:23.0,56.0,89.0 14.0,97.0,143.0 12.0,4.0,7.0 104.0,137.0,246.0 43.0,178.0,35.0 190.0,107.0,55.0 50.0,178.0,90.0 97.0,200.0,197.0 95.0,175.0,191.0 152.0,79.0,93.0 179.0,216.0,239.0 123.0,185.0,215.0 214.0,43.0,38.0 11.0,227.0,174.0 243.0,62.0,77.0 53.0,6.0,196.0 232.0,195.0,106.0 159.0,127.0,54.0
174:184.0,141.0,211.0 123.0,126.0,113.0 13.0,24.0,156.0 8.0,232.0,55.0 30.0,16.0,175.0 20.0,67.0,5.0 159.0,173.0,178.0 111.0,160.0,74.0 123.0,203.0,2.0 82.0,90.0,192.0
175:134.0,101.0,230.0 209.0,179.0,42.0 174.0,19.0,159.0 48.0,120.0,154.0 94.0,183.0,148.0 39.0,126.0,61.0 52.0,0.0,183.0 94.0,216.0,104.0 73.0,45.0,222.0 222.0,56.0,218.0 206.0,231.0,59.0 149.0,89.0,160.0 169.0,91.0,234.0 1.0,22.0,126.0 254.0,125.0,68.0 20.0,83.0,192.0 61.0,239.0,43.0 214.0,252.0,168.0 210.0,13.0,150.0
176:105.0,185.0,83.0 102.0,106.0,244.0 187.0,44.0,205.0 213.0,114.0,218.0 0.0,110.0,189.0 172.0,182.0,193.0 86.0,27.0,66.0 149.0,206.0,81.0 23.0,238.0,197.0 150.0,193.0,103.0 54.0,195.0,76.0 58.0,148.0,223.0
177:229.0,116.0,51.0 218.0,167.0,93.0 254.0,187.0,11.0 215.0,155.0,136.0 208.0,255.0,208.0 131.0,59.0,69.0
178:46.0,71.0,195.0 149.0,77.0,85.0 21.0,161.0,73.0 71.0,46.0,167.0 83.0,99.0,59.0 79.0,94.0,148.0 79.0,154.0,3.0 192.0,215.0,195.0 219.0,163.0,47.0 180.0,204.0,151.0 41.0,106.0,75.0 17.0,242.0,175.0 34.0,152.0,153.0 2.0,20.0,121.0
179:114.0,225.0,139.0 3.0,83.0,116.0 133.0,194.0,87.0 89.0,12.0,207.0 103.0,174.0,173.0 142.0,207.0,44.0
180:46.0,41.0,172.0 108.0,56.0,51.0 240.0,76.0,172.0 18.0,119.0,166.0 231.0,190.0,184.0 211.0,177.0,51.0 91.0,209.0,192.0 25.0,119.0,24.0 229.0,251.0,253.0 26.0,58.0,112.0 149.0,43.0,223.0 183.0,116.0,161.0 157.0,109.0,230.0
181:38.0,232.0,119.0 26.0,187.0,103.0 137.0,28.0,35.0 178.0,46.0,28.0 71.0,224.0,131.0 67.0,207.0,161.0 0.0,174.0,145.0 42.0,111.0,95.0 5.0,224.0,230.0 26.0,39.0,148.0 190.0,72.0,216.0 58.0,171.0,138.0 20.0,103.0,29.0 211.0,132.0,139.0 28.0,198.0,133.0 93.0,143.0,73.0 101.0,83.0,135.0 70.0,211.0,111.0 86.0,186.0,49.0
182:114.0,200.0,157.0 88.0,106.0,228.0 18.0,211.0,82.0 22.0,0.0,217.0 39.0,5.0,180.0 125.0,21.0,192.0 244.0,80.0,176.0 43.0,89.0,216.0 218.0,81.0,201.0
183:122.0,84.0,2.0 42.0,242.0,235.0 203.0,151.0,214.0 193.0,249.0,53.0 161.0,92.0,92.0 182.0,90.0,204.0 53.0,226.0,123.0 35.0,131.0,141.0 121.0,144.0,145.0
184:68.0,197.0,206.0 64.0,153.0,170.0 136.0,81.0,153.0 13.0,54.0,151.0 202.0,164.0,59.0
185:20.0,155.0,222.0 122.0,38.0,85.0 247.0,106.0,184.0 5.0,61.0,233.0 243.0,144.0,125.0 195.0,108.0,47.0 16.0,180.0,247.0
186:176.0,101.0,172.0 134.0,24.0,231.0 200.0,203.0,243.0 59.0,238.0,230.0 139.0,140.0,190.0 179.0,239.0,199.0 167.0,93.0,75.0 83.0,91.0,9.0 95.0,61.0,175.0 207.0,242.0,42.0 98.0,196.0,21.0 28.0,173.0,241.0
187:99.0,91.0,66.0 230.0,48.0,182.0 80.0,155.0,237.0 190.0,51.0,34.0 139.0,140.0,119.0 37.0,234.0,55.0 130.0,170.0,213.0 250.0,0.0,9.0 172.0,41.0,164.0
188:76.0,248.0,168.0 190.0,183.0,60.0 67.0,113.0,80.0 1.0,173.0,242.0 171.0,13.0,80.0 231.0,15.0,46.0 130.0,119.0,84.0 56.0,211.0,130.0 83.0,10.0,170.0 235.0,230.0,75.0 35.0,174.0,95.0 61.0,245.0,70.0 150.0,60.0,197.0
189:86.0,48.0,159.0 250.0,80.0,201.0 81.0,241.0,18.0 34.0,230.0,222.0 255.0,216.0,49.0 110.0,38.0,95.0 223.0,236.0,172.0 121.0,166.0,99.0 138.0,116.0,0.0 252.0,68.0,110.0 83.0,92.0,234.0 185.0,5.0,187.0 251.0,86.0,217.0 118.0,208.0,202.0 188.0,103.0,74.0
190:232.0,230.0,168.0 210.0,28.0,169.0 131.0,22.0,240.0 190.0,167.0,49.0 41.0,84.0,248.0 216.0,101.0,172.0 225.0,216.0,11.0 13.0,165.0,103.0 9.0,43.0,16.0
191:56.0,59.0,46.0 95.0,129.0,70.0 77.0,113.0,222.0 154.0,44.0,143.0 195.0,181.0,129.0 251.0,105.0,164.0 88.0,78.0,23.0 6.0,82.0,144.0 24.0,217.0,42.0 184.0,2.0,157.0 168.0,29.0,106.0 225.0,149.0,57.0 192.0,242.0,218.0
192:186.0,218.0,225.0 1.0,40.0,244.0 224.0,49.0,111.0 64.0,182.0,252.0 0.0,248.0,215.0 171.0,10.0,48.0 89.0,126.0,85.0 169.0,109.0,27.0 241.0,13.0,39.0 142.0,207.0,217.0 127.0,175.0,122.0 224.0,11.0,106.0 8.0,116.0,227.0 169.0,165.0,7.0 132.0,137.0,181.0 121.0,157.0,108.0 98.0,157.0,58.0 218.0,246.0,114.0
193:235.0,129.0,126.0 96.0,27.0,104.0 158.0,77.0,73.0 55.0,157.0,188.0 129.0,82.0,119.0 97.0,145.0,162.0 44.0,105.0,237.0 246.0,139.0,43.0 241.0,53.0,87.0 67.0,50.0,41.0
194:119.0,231.0,70.0 112.0,50.0,64.0 158.0,95.0,35.0 181.0,77.0,140.0 33.0,63.0,134.0 189.0,143.0,59.0 245.0,213.0,61.0 232.0,224.0,61.0 76.0,136.0,160.0 135.0,171.0,177.0 88.0,47.0,206.0 10.0,40.0,217.0 216.0,108.0,3.0 70.0,219.0,74.0 117.0,63.0,32.0
195:24.0,63.0,95.0 111.0,30.0,193.0 188.0,159.0,67.0 171.0,211.0,4.0 49.0,247.0,71.0 176.0,8.0,244.0 70.0,114.0,87.0 207.0,223.0,29.0 26.0,102.0,101.0 109.0,148.0,122.0 227.0,239.0,185.0 188.0,191.0,118.0 114.0,97.0,136.0
196:24.0,36.0,51.0 105.0,202.0,172.0 103.0,239.0,178.0 249.0,66.0,124.0 143.0,167.0,90.0 181.0,224.0,161.0 182.0,156.0,208.0 63.0,153.0,146.0 100.0,239.0,31.0 208.0,57.0,39.0 226.0,102.0,187.0 89.0,46.0,5.0 85.0,45.0,236.0 125.0,64.0,38.0 9.0,15.0,9.0 184.0,225.0,152.0 198.0,63.0,252.0 254.0,185.0,195.0 214.0,209.0,230.0
197:180.0,62.0,147.0 156.0,241.0,135.0 75.0,91.0,31.0 255.0,176.0,168.0 173.0,43.0,224.0 23.0,129.0,97.0 40.0,23.0,228.0 250.0,73.0,46.0 18.0,33.0,243.0 195.0,89.0,21.0 87.0,218.0,149.0 202.0,21.0,24.0 61.0,232.0,67.0 24.0,169.0,157.0 49.0,42.0,251.0 94.0,116.0,181.0 39.0,71.0,59.0 249.0,94.0,117.0
198:123.0,115.0,89.0 178.0,175.0,111.0 125.0,14.0,215.0 138.0,176.0,3.0 185.0,139.0,173.0 187.0,46.0,146.0
199:34.0,155.0,60.0 191.0,212.0,103.0 27.0,215.0,89.0 254.0,26.0,137.0 226.0,210.0,55.0 240.0,0.0,152.0 144.0,158.0,232.0 29.0,92.0,25.0 134.0,61.0,201.0 36.0,172.0,53.0 128.0,132.0,148.0 57.0,49.0,95.0 8.0,176.0,33.0 113.0,12.0,69.0 135.0,101.0,91.0
200:143.0,121.0,206.0 171.0,36.0,26.0 91.0,7.0,206.0 54.0,85.0,213.0 126.0,172.0,250.0 67.0,53.0,244.0 118.0,25.0,180.0 100.0,211.0,27.0
201:57.0,48.0,14.0 153.0,126.0,108.0 131.0,247.0,245.0 176.0,139.0,2.0 127.0,238.0,198.0 224.0,226.0,251.0 44.0,11.0,91.0 34.0,239.0,82.0 117.0,51.0,225.0 71.0,110.0,53.0 74.0,71.0,126.0 30.0,54.0,140.0 27.0,247.0,139.0 160.0,38.0,161.0 174.0,255.0,73.0 89.0,250.0,232.0 181.0,236.0,201.0 36.0,191.0,130.0
202:42.0,96.0,90.0 163.0,96.0,160.0 193.0,247.0,225.0 128.0,177.0,165.0 23.0,1.0,170.0 27.0,95.0,12.0 166.0,10.0,220.0 155.0,88.0,243.0 177.0,78.0,214.0 145.0,194.0,52.0 179.0,242.0,205.0 147.0,0.0,145.0 118.0,113.0,241.0 214.0,10.0,125.0 208.0,230.0,157.0 89.0,114.0,18.0 234.0,62.0,135.0 241.0,244.0,134.0
203:75.0,64.0,156.0 64.0,246.0,40.0 43.0,32.0,199.0 128.0,169.0,243.0 253.0,174.0,74.0 208.0,109.0,193.0 251.0,123.0,241.0 27.0,235.0,134.0
204:162.0,161.0,166.0 103.0,168.0,163.0 74.0,171.0,6.0 1.0,142.0,47.0 44.0,183.0,87.0 3.0,12.0,82.0 57.0,104.0,238.0 196.0,109.0,48.0 188.0,29.0,113.0 55.0,179.0,0.0 128.0,117.0,242.0 139.0,43.0,50.0
205:58.0,82.0,45.0 240.0,11.0,41.0 0.0,153.0,69.0 129.0,139.0,185.0 178.0,116.0,159.0 94.0,78.0,194.0 226.0,254.0,182.0
206:8.0,146.0,132.0 53.0,197.0,123.0 29.0,144.0,0.0 147.0,208.0,197.0 89.0,24.0,136.0 29.0,232.0,179.0 252.0,200.0,52.0 173.0,141.0,192.0 246.0,11.0,216.0 40.0,226.0,148.0
207:203.0,223.0,202.0 121.0,42.0,231.0 111.0,157.0,233.0 241.0,121.0,193.0 144.0,20.0,91.0 173.0,8.0,53.0
208:8.0,108.0,77.0 113.0,10.0,132.0 126.0,163.0,4.0 137.0,79.0,18.0 42.0,154.0,51.0 93.0,79.0,35.0 206.0,226.0,137.0 238.0,112.0,49.0 126.0,74.0,64.0 131.0,238.0,52.0 144.0,245.0,140.0 72.0,183.0,211.0 45.0,237.0,172.0
209:21.0,29.0,26.0 134.0,6.0,227.0 155.0,78.0,188.0 235.0,131.0,203.0 4.0,3.0,183.0 50.0,166.0,215.0 7.0,1.0,20.0 216.0,149.0,70.0 252.0,211.0,8.0 105.0,115.0,134.0 28.0,135.0,88.0 106.0,173.0,103.0 82.0,29.0,95.0 101.0,132.0,210.0 56.0,82.0,131.0
210:123.0,247.0,89.0 190.0,5.0,237.0 4.0,102.0,188.0 232.0,73.0,5.0 13.0,12.0,236.0 130.0,23.0,167.0 137.0,0.0,48.0 211.0,203.0,28.0 213.0,85.0,242.0 164.0,11.0,194.0 146.0,217.0,192.0 56.0,243.0,204.0 245.0,52.0,122.0
211:114.0,180.0,193.0 160.0,141.0,169.0 146.0,207.0,242.0 146.0,252.0,31.0 202.0,137.0,151.0 111.0,76.0,11.0 48.0,76.0,243.0
212:32.0,110.0,215.0 169.0,59.0,2.0 57.0,206.0,144.0 6.0,77.0,94.0 246.0,255.0,101.0 97.0,236.0,52.0 33.0,174.0,68.0 205.0,91.0,151.0 202.0,186.0,31.0 18.0,238.0,196.0 115.0,250.0,132.0 68.0,241.0,229.0 60.0,65.0,165.0 28.0,3.0,88.0 255.0,77.0,18.0 122.0,133.0,13.0 167.0,158.0,149.0 80.0,174.0,98.0
213:111.0,232.0,107.0 216.0,228.0,162.0 41.0,20.0,232.0 207.0,63.0,112.0 208.0,62.0,92.0
214:85.0,17.0,5.0 95.0,124.0,138.0 118.0,136.0,208.0 173.0,18.0,57.0 239.0,0.0,23.0 211.0,90.0,109.0
215:135.0,153.0,65.0 108.0,115.0,116.0 188.0,27.0,77.0 43.0,241.0,45.0 81.0,105.0,35.0 199.0,91.0,97.0 11.0,224.0,30.0 12.0,38.0,239.0 169.0,161.0,215.0 189.0,154.0,86.0 136.0,222.0,63.0 172.0,10.0,168.0 191.0,58.0,111.0 28.0,194.0,63.0 54.0,65.0,76.0
216:250.0,28.0,217.0 28.0,133.0,252.0 111.0,175.0,158.0 73.0,212.0,95.0 209.0,75.0,181.0 187.0,229.0,9.0 211.0,248.0,250.0 218.0,176.0,80.0 178.0,220.0,186.0 225.0,248.0,65.0 96.0,197.0,162.0 38.0,202.0,242.0
217:246.0,126.0,103.0 85.0,88.0,148.0 215.0,34.0,159.0 194.0,94.0,127.0 205.0,128.0,253.0 153.0,204.0,173.0 242.0,58.0,189.0 116.0,237.0,100.0 136.0,28.0,239.0 186.0,213.0,228.0 132.0,21.0,131.0 12.0,224.0,60.0 172.0,53.0,93.0
218:165.0,246.0,74.0 63.0,178.0,217.0 143.0,66.0,246.0 19.0,195.0,73.0 76.0,31.0,63.0 219.0,96.0,29.0 66.0,180.0,22.0 62.0,22.0,219.0 162.0,229.0,230.0 96.0,48.0,193.0
219:244.0,217.0,4.0 129.0,121.0,177.0 229.0,34.0,171.0 68.0,95.0,55.0 15.0,114.0,100.0 155.0,76.0,95.0 95.0,30.0,121.0 211.0,128.0,88.0 124.0,8.0,243.0 220.0,136.0,152.0 126.0,231.0,57.0 14.0,74.0,249.0 69.0,108.0,212.0
220:180.0,225.0,43.0 48.0,199.0,64.0 89.0,41.0,29.0 206.0,124.0,215.0 122.0,92.0,210.0 181.0,60.0,251.0 9.0,219.0,224.0 81.0,198.0,212.0 123.0,19.0,153.0
221:42.0,55.0,254.0 65.0,64.0,105.0 245.0,253.0,219.0 132.0,98.0,16.0 2.0,217.0,152.0 41.0,185.0,90.0 60.0,9.0,108.0 226.0,162.0,40.0
222:123.0,85.0,135.0 65.0,1.0,190.0 204.0,223.0,239.0 209.0,216.0,49.0 134.0,246.0,47.0 109.0,125.0,116.0 181.0,28.0,28.0 110.0,114.0,54.0 115.0,31.0,12.0 8.0,161.0,222.0 195.0,206.0,206.0 120.0,243.0,201.0 21.0,63.0,56.0 81.0,24.0,110.0 88.0,85.0,253.0
223:238.0,164.0,231.0 102.0,124.0,140.0 97.0,193.0,180.0 212.0,15.0,57.0 9.0,94.0,231.0 132.0,85.0,150.0 213.0,18.0,157.0 143.0,184.0,229.0 26.0,119.0,165.0 155.0,192.0,234.0 6.0,166.0,239.0 110.0,157.0,88.0 56.0,200.0,38.0 150.0,183.0,23.0 122.0,44.0,160.0 96.0,250.0,177.0 132.0,65.0,203.0 59.0,254.0,203.0
224:65.0,254.0,217.0 68.0,78.0,236.0 79.0,243.0,138.0 123.0,230.0,45.0 163.0,255.0,209.0 168.0,213.0,3.0 202.0,101.0,3.0 14.0,170.0,40.0 6.0,150.0,4.0 248.0,222.0,125.0 141.0,53.0,4.0 78.0,214.0,49.0 252.0,200.0,35.0 111.0,103.0,103.0 145.0,64.0,254.0 219.0,242.0,171.0
225:55.0,129.0,38.0 242.0,45.0,156.0 128.0,170.0,237.0 236.0,30.0,94.0 125.0,225.0,36.0 201.0,32.0,3.0 234.0,186.0,152.0 79.0,172.0,244.0 7.0,196.0,131.0 94.0,181.0,220.0 146.0,107.0,97.0 88.0,185.0,148.0 131.0,105.0,113.0 64.0,106.0,184.0 243.0,214.0,227.0
226:212.0,51.0,8.0 101.0,230.0,87.0 20.0,59.0,164.0 77.0,1.0,13.0 184.0,197.0,32.0 117.0,145.0,1.0 37.0,233.0,42.0 205.0,215.0,172.0 72.0,43.0,102.0 66.0,200.0,142.0 208.0,66.0,221.0 72.0,191.0,21.0 101.0,65.0,57.0 54.0,234.0,110.0
227:143.0,162.0,87.0 151.0,195.0,33.0 4.0,70.0,224.0 213.0,175.0,83.0 80.0,245.0,22.0 207.0,252.0,104.0 233.0,92.0,21.0 79.0,252.0,131.0 4.0,5.0,89.0 9.0,144.0,64.0 48.0,25.0,227.0 3.0,35.0,73.0 36.0,163.0,121.0 57.0,101.0,195.0 241.0,119.0,14.0 23.0,39.0,154.0
228:32.0,94.0,169.0 236.0,19.0,245.0 199.0,50.0,165.0 42.0,199.0,204.0 213.0,170.0,85.0 5.0,191.0,96.0 86.0,175.0,160.0
229:47.0,10.0,103.0 31.0,2.0,161.0 42.0,117.0,116.0 191.0,94.0,123.0 230.0,67.0,19.0 147.0,104.0,220.0 46.0,116.0,228.0 216.0,243.0,156.0 146.0,4.0,208.0 13.0,91.0,42.0 218.0,74.0,86.0
230:132.0,181.0,204.0 15.0,145.0,208.0 38.0,107.0,75.0 215.0,23.0,123.0 139.0,177.0,90.0 92.0,182.0,126.0 124.0,148.0,169.0 213.0,42.0,40.0 147.0,61.0,193.0 46.0,195.0,186.0 80.0,45.0,154.0 204.0,201.0,205.0 239.0,143.0,195.0 147.0,215.0,29.0 112.0,50.0,177.0 247.0,138.0,58.0 72.0,170.0,49.0 225.0,76.0,244.0
